90  60  ! nelx, nely
 1.0000000000000000e+00   1.0000000000000000e-03   3.3333333333333335e-05   3.3333333333333334e-08  ! rhol, rhog, mul, mug
 6.6666666666666670e-05   6.6666666666666670e-05   9.2222222222222233e-02   4.7619047619047619e-04  ! f1, f2, g, sigma
 1.0000000000000000e+00  ! alpha
 7.5891076682694115e-03  -1.7775182167573941e-01  ! gamma
-4.6110198442996386e-01   8.8734714737511233e-01  ! a
 0.0000000000000000e+00  -1.0000000000000000e+00  ! U1 = 1.0 + A*y + B*y^2
 0.0000000000000000e+00  -1.0000000000000000e+00  ! U2 = 1.0 + A*y + B*y^2
-5.0627335657082949e-11   9.9661501273828799e-11   0.0000000000000000e+00   0.0000000000000000e+00
-1.3855783090459872e-02  -4.2307796428770097e-02  -9.2026546573949657e-06   3.0512864178926263e-06
-3.9955771256941164e-02  -1.3254477311828902e-01  -9.2280813097433381e-05   2.8985567573271250e-05
-6.7047684994367432e-02  -2.5088008250124322e-01  -3.4096477858891396e-04   9.9231173289987610e-05
-8.6509440007837085e-02  -3.7375142861998251e-01  -7.8417138711583988e-04   2.0916783914676118e-04
-9.6024242611017455e-02  -4.7978929533188341e-01  -1.3370335836115374e-03   3.2806026403654786e-04
-9.8528699365017805e-02  -5.5365539426506438e-01  -1.8269251725537622e-03   4.2051934733925654e-04
-9.8521086352528001e-02  -5.8641737179013842e-01  -2.0743448519860140e-03   4.6330431965239786e-04
-9.8521086352527917e-02  -5.8641737179013365e-01  -2.0743448519859797e-03   4.6330431965239282e-04
-9.7610064799062507e-02  -6.2494323028460452e-01  -2.3906199721422574e-03   5.1454739214948386e-04
-9.2434852401875128e-02  -7.0570954881985781e-01  -3.1495064357448888e-03   6.2326954547586996e-04
-7.9069696388903238e-02  -8.0866971731750625e-01  -4.3292757824934152e-03   7.5763426725209478e-04
-5.7371516148332795e-02  -9.1191120995187980e-01  -5.7965964660851872e-03   8.7483461024195116e-04
-3.2237504312254132e-02  -9.9787744247222532e-01  -7.2840487215456613e-03   9.4516983098036648e-04
-1.1182520796961635e-02  -1.0559695303947225e+00  -8.4550921372708691e-03   9.7011081389298203e-04
-8.9839003022932750e-04  -1.0812468468759071e+00  -9.0130611786258114e-03   9.7328092549378066e-04
-8.9839003023044640e-04  -1.0812468468759027e+00  -9.0130611786257385e-03   9.7328092549377925e-04
 1.1948445617033079e-02  -1.1105766317986383e+00  -9.7014797141398591e-03   9.6983654141465233e-04
 4.1571759166185711e-02  -1.1706351119127194e+00  -1.1266333513951279e-02   9.3336623054921203e-04
 8.4800061309156072e-02  -1.2442418175829448e+00  -1.3528964733954948e-02   8.1546724680813356e-04
 1.3466308089008736e-01  -1.3144557954864708e+00  -1.6153352352488829e-02   5.9087550691459573e-04
 1.8157159349717747e-01  -1.3699058620153493e+00  -1.8668081426484261e-02   2.9490648620546169e-04
 2.1629472385903939e-01  -1.4056729120833142e+00  -2.0571759444679611e-02   2.2104433552519369e-05
 2.3222257596173729e-01  -1.4207742592174764e+00  -2.1459465714946020e-02  -1.1875578556806367e-04
 2.3222257596173729e-01  -1.4207742592174764e+00  -2.1459465714946020e-02  -1.1875578556806367e-04
 2.5136240852250341e-01  -1.4379258795905843e+00  -2.2539603772825718e-02  -3.0146556913544250e-04
 2.9291289045061436e-01  -1.4717240616489879e+00  -2.4940503721703235e-02  -7.5050919380144354e-04
 3.4866233021793802e-01  -1.5104633715039659e+00  -2.8301305911389088e-02  -1.4734781651377445e-03
 4.0770776143669490e-01  -1.5442174682408063e+00  -3.2069688168398329e-02  -2.4066324201533779e-03
 4.5933005457583481e-01  -1.5682282790433759e+00  -3.5576826808320090e-02  -3.3837588961200091e-03
 4.9552672588555063e-01  -1.5822292207775006e+00  -3.8176092658585757e-02  -4.1716361867847242e-03
 5.1162022630254733e-01  -1.5877358859767727e+00  -3.9373797838673411e-02  -4.5521744262699481e-03
 5.1162022630254733e-01  -1.5877358859767727e+00  -3.9373797838673411e-02  -4.5521744262699481e-03
 5.3056355190393489e-01  -1.5936651219279636e+00  -4.0819879851236279e-02  -5.0259078809292675e-03
 5.7029596079096789e-01  -1.6042019877531999e+00  -4.3993965372178714e-02  -6.1187751926953084e-03
 6.2085013602762940e-01  -1.6139785411179881e+00  -4.8356164944691235e-02  -7.7339265034800002e-03
 6.7122505191965998e-01  -1.6197488344979705e+00  -5.3154268696215867e-02  -9.6519017274745728e-03
 7.1274182805820219e-01  -1.6215276958128746e+00  -5.7547322803694172e-02  -1.1528339688852290e-02
 7.4047725126956554e-01  -1.6211933885268839e+00  -6.0765601225390695e-02  -1.2970883039011890e-02
 7.5244407667992463e-01  -1.6206639141153105e+00  -6.2239122600783313e-02  -1.3649487692819285e-02
 7.5244407667992463e-01  -1.6206639141153105e+00  -6.2239122600783313e-02  -1.3649487692819285e-02
 7.6623938929102198e-01  -1.6197588256657267e+00  -6.4011026829102410e-02  -1.4479970650698903e-02
 7.9413258192233815e-01  -1.6169333696003962e+00  -6.7875467307767723e-02  -1.6343471826112711e-02
 8.2748493867594819e-01  -1.6116887781381355e+00  -7.3139358387908832e-02  -1.8988600566576464e-02
 8.5810198973844687e-01  -1.6048384164534613e+00  -7.8879792462447113e-02  -2.1998454304780729e-02
 8.8107275240884653e-01  -1.5981119917101474e+00  -8.4101543322472272e-02  -2.4835031698873911e-02
 8.9507741551770537e-01  -1.5931183783651921e+00  -8.7911496166952971e-02  -2.6956004010273042e-02
 9.0073868954880998e-01  -1.5908442520423376e+00  -8.9652501210304256e-02  -2.7938007159234318e-02
 9.0073868954880998e-01  -1.5908442520423376e+00  -8.9652501210304256e-02  -2.7938007159234318e-02
 9.0694697357770226e-01  -1.5881332102018237e+00  -9.1743692701453314e-02  -2.9127210022412555e-02
 9.1831533064601201e-01  -1.5823491558047005e+00  -9.6297314258815186e-02  -3.1749482380976642e-02
 9.2932244483181092e-01  -1.5748297497010262e+00  -1.0248921261269170e-01  -3.5374814130663013e-02
 9.3596113384800150e-01  -1.5671231444937361e+00  -1.0923451859092301e-01  -3.9381321745571483e-02
 9.3762436194887466e-01  -1.5604747042108560e+00  -1.1536845440712040e-01  -4.3057200539598162e-02
 9.3646397145845661e-01  -1.5557524247384957e+00  -1.1984418184614855e-01  -4.5749352979334280e-02
 9.3531875865365444e-01  -1.5536075474310871e+00  -1.2188958055547992e-01  -4.6980689674085148e-02
 9.3531875865365444e-01  -1.5536075474310871e+00  -1.2188958055547992e-01  -4.6980689674085148e-02
 9.3346360049473831e-01  -1.5510270150943479e+00  -1.2434650826773475e-01  -4.8459662348773407e-02
 9.2773894459033779e-01  -1.5453265617680350e+00  -1.2969664393928734e-01  -5.1676211262367072e-02
 9.1667422988834413e-01  -1.5371749106183792e+00  -1.3696986398799604e-01  -5.6029355014138534e-02
 9.0107863194265148e-01  -1.5273942053302223e+00  -1.4488546254836795e-01  -6.0725594193047731e-02
 8.8443568905324410e-01  -1.5173680644367771e+00  -1.5206987240525688e-01  -6.4939170334978286e-02
 8.7121101651682242e-01  -1.5092411363921683e+00  -1.5729966078137686e-01  -6.7972904942646323e-02
 8.6494243878702981e-01  -1.5052809683062276e+00  -1.5968529511109153e-01  -6.9346866259176354e-02
 8.6494243878703025e-01  -1.5052809683062272e+00  -1.5968529511109147e-01  -6.9346866259176410e-02
 8.5727050320392972e-01  -1.5003132227202367e+00  -1.6254678446403875e-01  -7.0986506302643651e-02
 8.4020216395124092e-01  -1.4886885225193816e+00  -1.6876030385442212e-01  -7.4515101367987210e-02
 8.1674387916367996e-01  -1.4711372689912567e+00  -1.7716257442088143e-01  -7.9218212400207877e-02
 7.9171666945711616e-01  -1.4499297219454665e+00  -1.8623977619744475e-01  -8.4215382078830628e-02
 7.7010568626344833e-01  -1.4290926042545444e+00  -1.9441236276319199e-01  -8.8647885216829328e-02
 7.5529004809798095e-01  -1.4131934986565631e+00  -2.0032068950805035e-01  -9.1818358977674971e-02
 7.4882322814486268e-01  -1.4057859996894615e+00  -2.0300448834572199e-01  -9.3250306197708507e-02
 7.4882322814486391e-01  -1.4057859996894635e+00  -2.0300448834572193e-01  -9.3250306197708632e-02
 7.4132074192297281e-01  -1.3968028334704603e+00  -2.0621439312590983e-01  -9.4956956101031331e-02
 7.2601272899746272e-01  -1.3770497715033256e+00  -2.1315098776385993e-01  -9.8625691236877269e-02
 7.0745370654549333e-01  -1.3501840904261888e+00  -2.2246359686212810e-01  -1.0351912157896460e-01
 6.8998852838838720e-01  -1.3215452995200367e+00  -2.3244980349020422e-01  -1.0874101746389503e-01
 6.7623191644050473e-01  -1.2965302091112372e+00  -2.4138917453963510e-01  -1.1340525925087136e-01
 6.6722628738171663e-01  -1.2790462471827686e+00  -2.4782959304677163e-01  -1.1676450455573795e-01
 6.6334874902076391e-01  -1.2712866750799141e+00  -2.5075053883258469e-01  -1.1828842670420722e-01
 6.6334874902076391e-01  -1.2712866750799141e+00  -2.5075053883258469e-01  -1.1828842670420722e-01
 6.5885913088851922e-01  -1.2621591545966477e+00  -2.5424122586015652e-01  -1.2011020549955674e-01
 6.4960574270731808e-01  -1.2430003037660939e+00  -2.6177721779565066e-01  -1.2404624729738789e-01
 6.3785421509285067e-01  -1.2184247588657822e+00  -2.7188765158236933e-01  -1.2933461273506308e-01
 6.2571703036170845e-01  -1.1933226289260643e+00  -2.8273175393810068e-01  -1.3501633077183123e-01
 6.1502503446319245e-01  -1.1717108833273255e+00  -2.9244663213807653e-01  -1.4011313811982881e-01
 6.0736197078879983e-01  -1.1565224234106519e+00  -2.9945063828072938e-01  -1.4379049920753106e-01
 6.0389322031179427e-01  -1.1497187710714096e+00  -3.0262829993362317e-01  -1.4545943601175124e-01
 6.0389322031179427e-01  -1.1497187710714096e+00  -3.0262829993362317e-01  -1.4545943601175124e-01
 5.9975327738675543e-01  -1.1416477507961091e+00  -3.0642644180778617e-01  -1.4745459355063417e-01
 5.9084075207224673e-01  -1.1244142494235725e+00  -3.1462741376002995e-01  -1.5176345682970011e-01
 5.7896278714737492e-01  -1.1016321962393321e+00  -3.2562802066384927e-01  -1.5754441926918311e-01
 5.6636522024369795e-01  -1.0775573012591877e+00  -3.3741639873284002e-01  -1.6374011584653006e-01
 5.5522628640194127e-01  -1.0562733464521195e+00  -3.4796140016960941e-01  -1.6928281166760037e-01
 5.4728258806980312e-01  -1.0410846529080160e+00  -3.5555191157539862e-01  -1.7327287983051964e-01
 5.4370151744441608e-01  -1.0342348045186189e+00  -3.5899194828257142e-01  -1.7508128818569491e-01
 5.4370151744441608e-01  -1.0342348045186189e+00  -3.5899194828257142e-01  -1.7508128818569491e-01
 5.3943898856356565e-01  -1.0260798283086086e+00  -3.6310046802155449e-01  -1.7724120285250605e-01
 5.3029691856726335e-01  -1.0085859886777120e+00  -3.7195901656242403e-01  -1.8189862968785278e-01
 5.1815160249875614e-01  -9.8534488393694286e-01  -3.8381308227053706e-01  -1.8813173719632822e-01
 5.0526362081151954e-01  -9.6068827437541826e-01  -3.9647743797403218e-01  -1.9479190511374256e-01
 4.9382852488582168e-01  -9.3881706880696625e-01  -4.0777022499663418e-01  -2.0073163219497817e-01
 4.8564392203768025e-01  -9.2316573625171106e-01  -4.1587700610756301e-01  -2.0499610310197144e-01
 4.8194602164164074e-01  -9.1609495760298409e-01  -4.1954472464959858e-01  -2.0692560000878069e-01
 4.8194602164164074e-01  -9.1609495760298409e-01  -4.1954472464959858e-01  -2.0692560000878069e-01
 4.7753802146412688e-01  -9.0766690907620129e-01  -4.2391989047220313e-01  -2.0922738198483434e-01
 4.6806204968829518e-01  -8.8955080083313598e-01  -4.3333324152654895e-01  -2.1418018725174287e-01
 4.5543232719978860e-01  -8.6540933767509398e-01  -4.4588480414389181e-01  -2.2078507050761406e-01
 4.4198681799376260e-01  -8.3971380085303449e-01  -4.5923418800203736e-01  -2.2781095851090166e-01
 4.3002397894015404e-01  -8.1685669593681043e-01  -4.7108213762160983e-01  -2.3404766762590384e-01
 4.2144396913935145e-01  -8.0046610668008567e-01  -4.7955329956294523e-01  -2.3850746129761838e-01
 4.1756278969328348e-01  -7.9305266501181215e-01  -4.8337612357110848e-01  -2.4052022420286631e-01
 4.1756278969328348e-01  -7.9305266501181215e-01  -4.8337612357110848e-01  -2.4052022420286631e-01
 4.1293265589870592e-01  -7.8420936892493087e-01  -4.8792814736891993e-01  -2.4291705836829192e-01
 4.0296606901515958e-01  -7.6517649317259495e-01  -4.9769098253522454e-01  -2.4805812101449926e-01
 3.8965579132038380e-01  -7.3976436246565447e-01  -5.1063952902742826e-01  -2.5487786616498687e-01
 3.7545384706843482e-01  -7.1265790774407134e-01  -5.2431897636075042e-01  -2.6208396045306193e-01
 3.6279130642934654e-01  -6.8849696414025041e-01  -5.3637461593748392e-01  -2.6843588357176684e-01
 3.5369425744902511e-01  -6.7114362780507564e-01  -5.4494189644936519e-01  -2.7295055954058428e-01
 3.4957503974357829e-01  -6.6328713850991039e-01  -5.4879310818140337e-01  -2.7498021847623438e-01
 3.4957503974357829e-01  -6.6328713850991039e-01  -5.4879310818140337e-01  -2.7498021847623438e-01
 3.4548456019544888e-01  -6.5548623733610045e-01  -5.5259913246986814e-01  -2.7698618411068865e-01
 3.3665015848548113e-01  -6.3864093351547013e-01  -5.6075361717009431e-01  -2.8128441752998345e-01
 3.2479080547347877e-01  -6.1603352327614758e-01  -5.7154900155726229e-01  -2.8697554947842252e-01
 3.1206229190355816e-01  -5.9177679109366499e-01  -5.8292475925649323e-01  -2.9297375686532601e-01
 3.0065025412926827e-01  -5.7003561072111220e-01  -5.9292118332687638e-01  -2.9824564209247528e-01
 2.9241556562126758e-01  -5.5435162398448146e-01  -6.0000613771202060e-01  -3.0198265260770391e-01
 2.8867704512273712e-01  -5.4723225772495798e-01  -6.0318534894939713e-01  -3.0365970728483305e-01
 2.8867704512273712e-01  -5.4723225772495798e-01  -6.0318534894939713e-01  -3.0365970728483305e-01
 2.8558475333017647e-01  -5.4134404747171128e-01  -6.0579682976221572e-01  -3.0503735421435663e-01
 2.7888007479442856e-01  -5.2857891923151645e-01  -6.1140089510011064e-01  -3.0799392141027582e-01
 2.6982472648611111e-01  -5.1134187259349750e-01  -6.1883866969815471e-01  -3.1191839906977437e-01
 2.6003762369717243e-01  -4.9271650179704324e-01  -6.2669966933062338e-01  -3.1606681498800210e-01
 2.5120468158257214e-01  -4.7591102617666492e-01  -6.3362754870158089e-01  -3.1972335762470977e-01
 2.4479787292931099e-01  -4.6372389880577103e-01  -6.3854919700074853e-01  -3.2232133595594004e-01
 2.4188022942462753e-01  -4.5817458140381551e-01  -6.4076082083671926e-01  -3.2348887122290360e-01
 2.4188022942462753e-01  -4.5817458140381551e-01  -6.4076082083671926e-01  -3.2348887122290360e-01
 2.3946274547716193e-01  -4.5357687590750367e-01  -6.4257897396603569e-01  -3.2444873290813797e-01
 2.3420836472991993e-01  -4.4358478451776867e-01  -6.4648513355094650e-01  -3.2651105408753661e-01
 2.2708446471599314e-01  -4.3003962361763187e-01  -6.5167909572758276e-01  -3.2925358143032057e-01
 2.1935049650637345e-01  -4.1533725824400175e-01  -6.5718085307859531e-01  -3.3215900562652967e-01
 2.1234076234696342e-01  -4.0201412414205095e-01  -6.6204025995391147e-01  -3.3472554514429098e-01
 2.0723921636019538e-01  -3.9231925987994914e-01  -6.6549871808597005e-01  -3.3655236023949431e-01
 2.0491130672430907e-01  -3.8789575433274937e-01  -6.6705457054627715e-01  -3.3737424322466092e-01
 2.0491130672430907e-01  -3.8789575433274937e-01  -6.6705457054627715e-01  -3.3737424322466092e-01
 2.0298027513655836e-01  -3.8422658842494495e-01  -6.6833444056047975e-01  -3.3805036434956415e-01
 1.9877645581219586e-01  -3.7623947564437660e-01  -6.7108668131654214e-01  -3.3950438251829895e-01
 1.9306245851962292e-01  -3.6538436632219679e-01  -6.7475178829152849e-01  -3.4144085219760123e-01
 1.8684082855468012e-01  -3.5356655715982560e-01  -6.7864116388915474e-01  -3.4349605123712212e-01
 1.8118587997526808e-01  -3.4282663028963778e-01  -6.8208274313657791e-01  -3.4531484209704316e-01
 1.7706109192841785e-01  -3.3499367720784767e-01  -6.8453587810160932e-01  -3.4661139273544567e-01
 1.7517636993652430e-01  -3.3141484316227116e-01  -6.8564051707484019e-01  -3.4719526168817583e-01
 1.7517636993652430e-01  -3.3141484316227116e-01  -6.8564051707484019e-01  -3.4719526168817583e-01
 1.7361178888953796e-01  -3.2844402916506454e-01  -6.8654971073641902e-01  -3.4767584322755091e-01
 1.7020208304129586e-01  -3.2197006709604759e-01  -6.8850640553495002e-01  -3.4871016722800507e-01
 1.6555964760936370e-01  -3.1315632316715608e-01  -6.9111550550324496e-01  -3.5008947718162298e-01
 1.6049483774297399e-01  -3.0354171230301114e-01  -6.9388870548962911e-01  -3.5155569651310536e-01
 1.5588267597112213e-01  -2.9478727937443844e-01  -6.9634664285146075e-01  -3.5285537666986799e-01
 1.5251348326853728e-01  -2.8839268864475182e-01  -6.9810107243883857e-01  -3.5378315103322172e-01
 1.5097263874766056e-01  -2.8546837810211756e-01  -6.9889177319447382e-01  -3.5420131272269739e-01
 1.5097263874766056e-01  -2.8546837810211756e-01  -6.9889177319447382e-01  -3.5420131272269739e-01
 1.4969288107587483e-01  -2.8303964530846798e-01  -6.9954290278871478e-01  -3.5454567412820664e-01
 1.4690190750818777e-01  -2.7774313816915935e-01  -7.0094524472715380e-01  -3.5528736478662781e-01
 1.4309762721527641e-01  -2.7052413455213792e-01  -7.0281743348312242e-01  -3.5627763722415456e-01
 1.3894180533121153e-01  -2.6263867343237507e-01  -7.0481037919355660e-01  -3.5733189193547699e-01
 1.3515266564025299e-01  -2.5544953536538711e-01  -7.0657951497509075e-01  -3.5826785306783476e-01
 1.3238195248453397e-01  -2.5019299252043092e-01  -7.0784396884420175e-01  -3.5893687356785198e-01
 1.3111406459084918e-01  -2.4778767303362370e-01  -7.0841432135384508e-01  -3.5923866363355728e-01
 1.3111406459084923e-01  -2.4778767303362378e-01  -7.0841432135384519e-01  -3.5923866363355728e-01
 1.3006066290098156e-01  -2.4578930075764197e-01  -7.0888422754149527e-01  -3.5948731304145998e-01
 1.2776226005524136e-01  -2.4142921596289027e-01  -7.0989699293086328e-01  -3.6002324125845442e-01
 1.2462706495828070e-01  -2.3548202733820109e-01  -7.1125068875099484e-01  -3.6073963958791960e-01
 1.2119921189452583e-01  -2.2898007501233594e-01  -7.1269384141416592e-01  -3.6150345841943143e-01
 1.1807124418286098e-01  -2.2304728931422765e-01  -7.1397690554487558e-01  -3.6218261947030317e-01
 1.1578250686731036e-01  -2.1870647651499672e-01  -7.1489516505465389e-01  -3.6266872386446281e-01
 1.1473476479972840e-01  -2.1671939474854790e-01  -7.1530970895703239e-01  -3.6288818609040879e-01
 1.1473476479972855e-01  -2.1671939474854801e-01  -7.1530970895703316e-01  -3.6288818609040918e-01
 1.1386407587358460e-01  -2.1506813253402343e-01  -7.1565141429507284e-01  -3.6306909322673786e-01
 1.1196373781920448e-01  -2.1146424634322653e-01  -7.1638840617152677e-01  -3.6345929402432481e-01
 1.0937025117140514e-01  -2.0654610062716017e-01  -7.1737467754764817e-01  -3.6398151891177788e-01
 1.0653304662756145e-01  -2.0116616250399003e-01  -7.1842770990199911e-01  -3.6453915040408502e-01
 1.0394267126330962e-01  -1.9625461366236949e-01  -7.1936540150080630e-01  -3.6503575589247644e-01
 1.0204654425872653e-01  -1.9265956752895930e-01  -7.2003739417273371e-01  -3.6539167824066421e-01
 1.0117834839934696e-01  -1.9101348777462102e-01  -7.2034102299014824e-01  -3.6555250510336390e-01
 1.0117834839934696e-01  -1.9101348777462102e-01  -7.2034102299014824e-01  -3.6555250510336390e-01
 1.0045678808153542e-01  -1.8964541780852312e-01  -7.2059142801212173e-01  -3.6568514471791108e-01
 9.8881727660427007e-02  -1.8665903649000515e-01  -7.2113190294767060e-01  -3.6597144870048226e-01
 9.6731834316549498e-02  -1.8258231041580808e-01  -7.2185608105516896e-01  -3.6635509754136159e-01
 9.4379695040787595e-02  -1.7812092122894485e-01  -7.2263047826545446e-01  -3.6676539641109990e-01
 9.2232110869027745e-02  -1.7404583081478001e-01  -7.2332116903487520e-01  -3.6713139046446636e-01
 9.0659974671889382e-02  -1.7106139663036179e-01  -7.2381683658982021e-01  -3.6739407295143189e-01
 8.9940028753176721e-02  -1.6969434609517733e-01  -7.2404099254887899e-01  -3.6751287524235488e-01
 8.9940028753176721e-02  -1.6969434609517733e-01  -7.2404099254887899e-01  -3.6751287524235488e-01
 8.9341597623155841e-02  -1.6855788473501487e-01  -7.2422595054245487e-01  -3.6761090731700430e-01
 8.8034906019807069e-02  -1.6607607865766286e-01  -7.2462546442043452e-01  -3.6782267411920400e-01
 8.6249796032382031e-02  -1.6268576438751400e-01  -7.2516143683866296e-01  -3.6810680635493792e-01
 8.4293137983000116e-02  -1.5897249915115311e-01  -7.2573546666517241e-01  -3.6841115726421780e-01
 8.2501252957840165e-02  -1.5557890362158006e-01  -7.2624827192419283e-01  -3.6868307932724392e-01
 8.1184953733906356e-02  -1.5309370053634730e-01  -7.2661679072323460e-01  -3.6887850227670232e-01
 8.0580635743515164e-02  -1.5195579387693317e-01  -7.2678359325645714e-01  -3.6896695658615225e-01
 8.0580635743515164e-02  -1.5195579387693317e-01  -7.2678359325645714e-01  -3.6896695658615225e-01
 8.0077526794568130e-02  -1.5101022887254953e-01  -7.2692129885300694e-01  -3.6903997978766939e-01
 7.8976400372275851e-02  -1.4894721856969304e-01  -7.2721897640108379e-01  -3.6919782562334191e-01
 7.7466596099205517e-02  -1.4613566646568099e-01  -7.2761885487352196e-01  -3.6940983030203145e-01
 7.5806201666942671e-02  -1.4307033658160898e-01  -7.2804786530327592e-01  -3.6963720024438579e-01
 7.4284995574090212e-02  -1.4028761317516053e-01  -7.2843185205909988e-01  -3.6984059612568543e-01
 7.3171488068419374e-02  -1.3826428735733365e-01  -7.2870828484100336e-01  -3.6998693165315782e-01
 7.2662678202291664e-02  -1.3734250054378172e-01  -7.2883355475807965e-01  -3.7005321683934650e-01
 7.2662678202291664e-02  -1.3734250054378172e-01  -7.2883355475807965e-01  -3.7005321683934650e-01
 7.2240734343491625e-02  -1.3657885465563122e-01  -7.2893704712861906e-01  -3.7010796394464074e-01
 7.1324154844489909e-02  -1.3492021323239278e-01  -7.2916101073240791e-01  -3.7022639260284290e-01
 7.0088756308525332e-02  -1.3267565703196368e-01  -7.2946243919880793e-01  -3.7038568259893379e-01
 6.8770994554988543e-02  -1.3024538243549544e-01  -7.2978663542550282e-01  -3.7055689807365161e-01
 6.7614933903274180e-02  -1.2804547740975683e-01  -7.3007758386685628e-01  -3.7071051956281154e-01
 6.6807622879811221e-02  -1.2644114903396775e-01  -7.3028751491056165e-01  -3.7082140236488459e-01
 6.6451266084769839e-02  -1.2570638707080881e-01  -7.3038278092356490e-01  -3.7087174945188051e-01
 6.6451266084769839e-02  -1.2570638707080881e-01  -7.3038278092356490e-01  -3.7087174945188051e-01
 6.6162182701446512e-02  -1.2509485618900798e-01  -7.3046154684967168e-01  -3.7091339727655059e-01
 6.5555547939919148e-02  -1.2375442344118108e-01  -7.3063218524653539e-01  -3.7100371286651385e-01
 6.4787412266174002e-02  -1.2190166309932571e-01  -7.3086220984063877e-01  -3.7112574762709105e-01
 6.4034791145357553e-02  -1.1981912480751304e-01  -7.3110998128909965e-01  -3.7125777140786326e-01
 6.3432011010839617e-02  -1.1783523979357333e-01  -7.3133252310865349e-01  -3.7137711188832007e-01
 6.3040501667958243e-02  -1.1631150245837416e-01  -7.3149308682192438e-01  -3.7146383019020685e-01
 6.2874106687302644e-02  -1.1558847338596577e-01  -7.3156591752804079e-01  -3.7150337414987389e-01
 6.2874106687302589e-02  -1.1558847338596563e-01  -7.3156591752803968e-01  -3.7150337414987350e-01
 6.2741346983840970e-02  -1.1497369278368826e-01  -7.3162610774375025e-01  -3.7153616661440247e-01
 6.2466480972975032e-02  -1.1358263063122943e-01  -7.3175638799480713e-01  -3.7160753136057967e-01
 6.2113684985308157e-02  -1.1155770527244709e-01  -7.3193164112478959e-01  -3.7170449320253429e-01
 6.1730355242283701e-02  -1.0914249460560610e-01  -7.3211971029845013e-01  -3.7181001084335547e-01
 6.1345013620630613e-02  -1.0672195678852089e-01  -7.3228775195273477e-01  -3.7190581099811748e-01
 6.1013701432500782e-02  -1.0480253946971321e-01  -7.3240833003692396e-01  -3.7197555878436711e-01
 6.0841023532164466e-02  -1.0387885372711536e-01  -7.3246280882725590e-01  -3.7200737036307407e-01
 6.0841023532164515e-02  -1.0387885372711554e-01  -7.3246280882725634e-01  -3.7200737036307424e-01
 6.0684944584154278e-02  -1.0308889669211385e-01  -7.3250772149782339e-01  -3.7203374190183652e-01
 6.0296504634200540e-02  -1.0129228381344881e-01  -7.3260456367794669e-01  -3.7209106763156302e-01
 5.9632474064045198e-02  -9.8675708269344062e-02  -7.3273395844058642e-01  -3.7216867750253507e-01
 5.8671330343619932e-02  -9.5593611520966223e-02  -7.3287156981251345e-01  -3.7225249530370624e-01
 5.7513729255850424e-02  -9.2586093168307335e-02  -7.3299333633284247e-01  -3.7232769665777543e-01
 5.6456017145805115e-02  -9.0277469741398997e-02  -7.3307998236443361e-01  -3.7238171010967913e-01
 5.5903210661199410e-02  -8.9193503252317896e-02  -7.3311892806977264e-01  -3.7240609367281308e-01
 5.5903210661990825e-02  -8.9193503244831496e-02  -7.3311892806977197e-01  -3.7240609367281274e-01
 4.1785950937991603e-02  -8.4579722570176763e-02  -7.3315665359186943e-01  -3.7242726066113485e-01
 1.3926050026114051e-02  -7.3084176539484944e-02  -7.3323149189895442e-01  -3.7245334139187691e-01
-1.7925274599259303e-02  -5.5124045107677828e-02  -7.3331466056355554e-01  -3.7245001287572238e-01
-4.5353899838384268e-02  -3.3825961840597406e-02  -7.3337777848934993e-01  -3.7240433399778905e-01
-6.4430344217928176e-02  -1.3955300514625449e-02  -7.3340868625786593e-01  -3.7233273479400963e-01
-7.5238673397879222e-02   3.8497706781376691e-04  -7.3341508932607513e-01  -3.7226636431315463e-01
-7.9390402480552999e-02   6.8183576752208971e-03  -7.3341352251827763e-01  -3.7223279262298203e-01
-7.9390402480552444e-02   6.8183576752200636e-03  -7.3341352251827718e-01  -3.7223279262298198e-01
-8.3774550899964439e-02   1.4409993277183602e-02  -7.3340797315061101e-01  -3.7219016934330995e-01
-9.1249154490803411e-02   3.0304480789717647e-02  -7.3338239073215150e-01  -3.7209014978757943e-01
-9.7516076369309784e-02   5.0201080381304518e-02  -7.3331943966502189e-01  -3.7194269918273531e-01
-1.0033009765991296e-01   6.9268558834267413e-02  -7.3321723412915540e-01  -3.7177362113214157e-01
-1.0022522942591165e-01   8.4102793549537549e-02  -7.3309754175990982e-01  -3.7161725057365680e-01
-9.9007805581465311e-02   9.3430700551201090e-02  -7.3299622997496638e-01  -3.7150361572429569e-01
-9.8213001508722433e-02   9.7286743712844376e-02  -7.3294643092439149e-01  -3.7145212446591103e-01
-9.8213001508722308e-02   9.7286743712843515e-02  -7.3294643092439060e-01  -3.7145212446591080e-01
-9.7103190556484975e-02   1.0159318009365857e-01  -7.3288395261960981e-01  -3.7139077612290439e-01
-9.4256172555479745e-02   1.0980305888611527e-01  -7.3273881606687274e-01  -3.7125950551412479e-01
-8.9880828918510278e-02   1.1863488218389855e-01  -7.3252452004139879e-01  -3.7108704379312141e-01
-8.5065739088307959e-02   1.2566293847276169e-01  -7.3227369877010096e-01  -3.7090777034421579e-01
-8.1060420205169098e-02   1.3017949172673798e-01  -7.3203389548934517e-01  -3.7075230010000587e-01
-7.8504946719944582e-02   1.3259697339890847e-01  -7.3185363364366607e-01  -3.7064292595424525e-01
-7.7457521757375719e-02   1.3350237289933717e-01  -7.3177005731544542e-01  -3.7059394904629239e-01
-7.7457521757375719e-02   1.3350237289933717e-01  -7.3177005731544542e-01  -3.7059394904629239e-01
-7.6304918943068109e-02   1.3445018914611859e-01  -7.3166881082000013e-01  -3.7053586223767543e-01
-7.4202956698085479e-02   1.3608285637044301e-01  -7.3144556928352777e-01  -3.7041178334348268e-01
-7.2229347245792233e-02   1.3763793205626501e-01  -7.3113712456518720e-01  -3.7024702322774156e-01
-7.1141737641890718e-02   1.3886892617231136e-01  -7.3079610988369459e-01  -3.7007044832747954e-01
-7.0963977175486359e-02   1.3986430314132942e-01  -7.3048212916475586e-01  -3.6991050310506374e-01
-7.1227359822728278e-02   1.4062528470677235e-01  -7.3025075557509223e-01  -3.6979324660095531e-01
-7.1438639569792267e-02   1.4099768423992498e-01  -7.3014435437135117e-01  -3.6973934801193781e-01
-7.1438639569792267e-02   1.4099768423992498e-01  -7.3014435437135117e-01  -3.6973934801193781e-01
-7.1756832991610814e-02   1.4147133656021910e-01  -7.3001596740466734e-01  -3.6967426705943757e-01
-7.2650669700405984e-02   1.4261749178362415e-01  -7.2973406411252972e-01  -3.6953099722597327e-01
-7.4182260155381527e-02   1.4445105430188593e-01  -7.2934511499780852e-01  -3.6933208024406550e-01
-7.6083828182885962e-02   1.4680017282453270e-01  -7.2891314942464014e-01  -3.6910920893141175e-01
-7.7895026317847532e-02   1.4920996018399255e-01  -7.2851206261279211e-01  -3.6890055029710850e-01
-7.9219619207920006e-02   1.5109942205745550e-01  -7.2821405039196141e-01  -3.6874462718904050e-01
-7.9819791881060143e-02   1.5199264196423787e-01  -7.2807628865976048e-01  -3.6867233941061245e-01
-7.9819791881060143e-02   1.5199264196423787e-01  -7.2807628865976048e-01  -3.6867233941061245e-01
-8.0534223635694097e-02   1.5308629134297824e-01  -7.2790947175777632e-01  -3.6858465623381670e-01
-8.2060404486846053e-02   1.5553123230355442e-01  -7.2754103214643595e-01  -3.6839052766894725e-01
-8.4065080634183567e-02   1.5895207614240223e-01  -7.2702835667674215e-01  -3.6811967293949199e-01
-8.6163699862619000e-02   1.6274526059803374e-01  -7.2645426501414700e-01  -3.6781585702394087e-01
-8.8013708529296394e-02   1.6621716831458630e-01  -7.2591796457406765e-01  -3.6753188581657420e-01
-8.9340604926124195e-02   1.6875294486083578e-01  -7.2551804788033369e-01  -3.6732014182397776e-01
-8.9942810280264865e-02   1.6991136128355097e-01  -7.2533286438792977e-01  -3.6722210850682702e-01
-8.9942810280264865e-02   1.6991136128355097e-01  -7.2533286438792977e-01  -3.6722210850682702e-01
-9.0663861550891775e-02   1.7130221773975701e-01  -7.2510840693621947e-01  -3.6710330146261977e-01
-9.2229308650956174e-02   1.7432854574793927e-01  -7.2461198418082617e-01  -3.6684061503920545e-01
-9.4358177966167953e-02   1.7844096989827790e-01  -7.2392010459750245e-01  -3.6647466701281722e-01
-9.6689085950391981e-02   1.8292412856847617e-01  -7.2314428071450276e-01  -3.6606450718201783e-01
-9.8823558334322534e-02   1.8701014898059701e-01  -7.2241874136838313e-01  -3.6568105788096322e-01
-1.0039072958036779e-01   1.9000039364440324e-01  -7.2187725195885399e-01  -3.6539493302782911e-01
-1.0110958839114673e-01   1.9136985669962911e-01  -7.2162637898112991e-01  -3.6526238215444823e-01
-1.0110958839114673e-01   1.9136985669962911e-01  -7.2162637898112991e-01  -3.6526238215444823e-01
-1.0197512292592092e-01   1.9301742152458221e-01  -7.2132218492405686e-01  -3.6510166630267787e-01
-1.0386709914507686e-01   1.9661548533967366e-01  -7.2064895042131372e-01  -3.6474599852972356e-01
-1.0645479888300008e-01   2.0153234161584696e-01  -7.1970954415181843e-01  -3.6424975711553575e-01
-1.0929063787374126e-01   2.0691973150600920e-01  -7.1865460154977090e-01  -3.6369253341206775e-01
-1.1188319018322491e-01   2.1184595489040220e-01  -7.1766654849142786e-01  -3.6317068661741331e-01
-1.1378282304249231e-01   2.1545622406007386e-01  -7.1692822652183674e-01  -3.6278076527432934e-01
-1.1465303838101903e-01   2.1711042419409779e-01  -7.1658590460991933e-01  -3.6259998710436669e-01
-1.1465303838101916e-01   2.1711042419409804e-01  -7.1658590460991922e-01  -3.6259998710436675e-01
-1.1570014280279503e-01   2.1910108602693135e-01  -7.1617061275741778e-01  -3.6238068109541938e-01
-1.1798756331600706e-01   2.2344997020281476e-01  -7.1525069602989211e-01  -3.6189492190316275e-01
-1.2111339108883561e-01   2.2939363608200974e-01  -7.1396531481024017e-01  -3.6121624161842714e-01
-1.2453881533056384e-01   2.3590750036435235e-01  -7.1251955525706068e-01  -3.6045296387032577e-01
-1.2767165012559337e-01   2.4186543288384271e-01  -7.1116341345293632e-01  -3.5973707306757463e-01
-1.2996840080051064e-01   2.4623341760026715e-01  -7.1014881817245712e-01  -3.5920152506170921e-01
-1.3102108076269686e-01   2.4823541209282199e-01  -7.0967806289661817e-01  -3.5895305201251432e-01
-1.3102108076269670e-01   2.4823541209282221e-01  -7.0967806289661817e-01  -3.5895305201251465e-01
-1.3228804939032493e-01   2.5064505608172044e-01  -7.0910667980843312e-01  -3.5865147598116703e-01
-1.3505668922596539e-01   2.5591104877558557e-01  -7.0783994142349005e-01  -3.5798293036865814e-01
-1.3884317674580227e-01   2.6311318595023131e-01  -7.0606760924087675e-01  -3.5704763364108344e-01
-1.4299598939928507e-01   2.7101286109047462e-01  -7.0407106313408685e-01  -3.5599412776851280e-01
-1.4679753116417565e-01   2.7824488741017228e-01  -7.0219549207767606e-01  -3.5500455862433916e-01
-1.4958650291911002e-01   2.8355095401127089e-01  -7.0079061682346722e-01  -3.5426339507266325e-01
-1.5086537283890750e-01   2.8598407495589739e-01  -7.0013831096660117e-01  -3.5391927835723425e-01
-1.5086537283890750e-01   2.8598407495589739e-01  -7.0013831096660117e-01  -3.5391927835723425e-01
-1.5240510880392638e-01   2.8891365667613106e-01  -6.9934618182884034e-01  -3.5350141377825633e-01
-1.5577184636910829e-01   2.9531979741053932e-01  -6.9758858297978910e-01  -3.5257429893002062e-01
-1.6038070394884826e-01   3.0409000102183936e-01  -6.9512620560815774e-01  -3.5127554276693362e-01
-1.6544190306648349e-01   3.1372199422014008e-01  -6.9234799624363441e-01  -3.4981036625643397e-01
-1.7008096413993809e-01   3.2255162370435014e-01  -6.8973418359625449e-01  -3.4843203763017194e-01
-1.7348825242847493e-01   3.2903728299060103e-01  -6.8777395445844092e-01  -3.4739844959769201e-01
-1.7505168435571886e-01   3.3201343473651601e-01  -6.8686311860004556e-01  -3.4691821007106893e-01
-1.7505168435571886e-01   3.3201343473651601e-01  -6.8686311860004556e-01  -3.4691821007106893e-01
-1.7693503614721004e-01   3.3559871927920526e-01  -6.8575648449299853e-01  -3.4633475675844688e-01
-1.8105689217334833e-01   3.4344583184017796e-01  -6.8329891877006355e-01  -3.4503912912695123e-01
-1.8670776090531019e-01   3.5420512304123580e-01  -6.7985112369930667e-01  -3.4322163348437923e-01
-1.9292490106252269e-01   3.6604425554203257e-01  -6.7595472370385901e-01  -3.4116789844837764e-01
-1.9863478345935884e-01   3.7691894411623067e-01  -6.7228299763363730e-01  -3.3923280861057764e-01
-2.0283559615858235e-01   3.8492046973648042e-01  -6.6952578649492200e-01  -3.3777982682935237e-01
-2.0476523491062859e-01   3.8859624416894822e-01  -6.6824360517131520e-01  -3.3710418764533756e-01
-2.0476523491062859e-01   3.8859624416894822e-01  -6.6824360517131520e-01  -3.3710418764533756e-01
-2.0709144709410077e-01   3.9302773014390968e-01  -6.6668494306463799e-01  -3.3628289062048711e-01
-2.1218934425110214e-01   4.0274008675102269e-01  -6.6322023947732833e-01  -3.3445737817684584e-01
-2.1919401775068331e-01   4.1608726240478527e-01  -6.5835205760309190e-01  -3.3189266936943945e-01
-2.2692239580398371e-01   4.3081614340354485e-01  -6.5284036567612180e-01  -3.2898931833485323e-01
-2.3404114297259301e-01   4.4438572415696881e-01  -6.4763702506434562e-01  -3.2624874859325925e-01
-2.3929175489763366e-01   4.5439583563730346e-01  -6.4372381253172339e-01  -3.2418789992449204e-01
-2.4170747331796025e-01   4.5900182829915742e-01  -6.4190237665434546e-01  -3.2322872371437056e-01
-2.4170747331796025e-01   4.5900182829915742e-01  -6.4190237665434546e-01  -3.2322872371437056e-01
-2.4462301213092660e-01   4.6456116464083297e-01  -6.3968675967210986e-01  -3.2206202239472592e-01
-2.5102518830486414e-01   4.7677025850910382e-01  -6.3475622540612153e-01  -3.1946589998718078e-01
-2.5985174977457531e-01   4.9360603613052273e-01  -6.2781583830416710e-01  -3.1581197045813242e-01
-2.6963177177122760e-01   5.1226498956725186e-01  -6.1994064691930773e-01  -3.1166652040580411e-01
-2.7868057047170364e-01   5.2953311158267502e-01  -6.1248944522458837e-01  -3.0774484967364474e-01
-2.8538040113689989e-01   5.4232126347155774e-01  -6.0687526346341247e-01  -3.0479039788190582e-01
-2.8847044606868921e-01   5.4822007830853270e-01  -6.0425906855915057e-01  -3.0341373680840644e-01
-2.8847044606868921e-01   5.4822007830853270e-01  -6.0425906855915057e-01  -3.0341373680840644e-01
-2.9220624935292683e-01   5.5535229278979426e-01  -6.0107411847523917e-01  -3.0173788249467609e-01
-3.0043496834693417e-01   5.7106454271846918e-01  -5.9397637524780467e-01  -2.9800354735511092e-01
-3.1183872711162197e-01   5.9284491570999853e-01  -5.8396190772759293e-01  -2.9273543795807178e-01
-3.2455800411235713e-01   6.1714537182081697e-01  -5.7256561801361350e-01  -2.8674152876281100e-01
-3.3640874372745089e-01   6.3979352108052112e-01  -5.6175075021593313e-01  -2.8105447699246211e-01
-3.4523671812622575e-01   6.5666917407229142e-01  -5.5358154910888580e-01  -2.7675932640961332e-01
-3.4932422888793530e-01   6.6448412987328809e-01  -5.4976865625508464e-01  -2.7475479990563267e-01
-3.4932422888793530e-01   6.6448412987328809e-01  -5.4976865625508464e-01  -2.7475479990563267e-01
-3.5344044711506112e-01   6.7235476844655373e-01  -5.4591049458291230e-01  -2.7272659731697452e-01
-3.6253087482846497e-01   6.8973937293395804e-01  -5.3732775385754250e-01  -2.6821516167038756e-01
-3.7518418835584305e-01   7.1394384487296081e-01  -5.2525036014627013e-01  -2.6186779949076278e-01
-3.8937577721658850e-01   7.4109913518744797e-01  -5.1154622997553345e-01  -2.5466688221515521e-01
-4.0267634473142300e-01   7.6655704458678164e-01  -4.9857432080442693e-01  -2.4785203910000911e-01
-4.1263565032056265e-01   7.8562419608352152e-01  -4.8879387170630090e-01  -2.4271467346720921e-01
-4.1726241020440874e-01   7.9448342765636659e-01  -4.8423363544098835e-01  -2.4031956337283425e-01
-4.1726241020440874e-01   7.9448342765636659e-01  -4.8423363544098835e-01  -2.4031956337283425e-01
-4.2114075051252886e-01   8.0191020855396378e-01  -4.8040391468098642e-01  -2.3830824848308227e-01
-4.2971449447782317e-01   8.1833033186589421e-01  -4.7191747031869363e-01  -2.3385166405416197e-01
-4.4166858462601949e-01   8.4122860201060923e-01  -4.6004814725398790e-01  -2.2761944447617433e-01
-4.5510425642051894e-01   8.6697041244930495e-01  -4.4667468256198156e-01  -2.2059861639185308e-01
-4.6772473240288770e-01   8.9115534136532637e-01  -4.3410047944099256e-01  -2.1399849201323470e-01
-4.7719376359657290e-01   9.0930405217256038e-01  -4.2467014928255747e-01  -2.0904925661348206e-01
-4.8159853704108552e-01   9.1774728991955468e-01  -4.2028709208110115e-01  -2.0674913411688123e-01
-4.8159853704108552e-01   9.1774728991955468e-01  -4.2028709208110115e-01  -2.0674913411688123e-01
-4.8529373048707658e-01   9.2483079960824677e-01  -4.1661275822524307e-01  -2.0482102846212230e-01
-4.9347233241468941e-01   9.4051030303003491e-01  -4.0849135565345446e-01  -2.0055963305314789e-01
-5.0489903915036660e-01   9.6242088267938031e-01  -3.9717820154164402e-01  -1.9462419103380202e-01
-5.1777755884816168e-01   9.8712187780841376e-01  -3.8449100607639836e-01  -1.8796882981210819e-01
-5.2991396718114592e-01   1.0104048117490585e+00  -3.7261556288920994e-01  -1.8174022260112113e-01
-5.3904933188945259e-01   1.0279301595005976e+00  -3.6374103955651205e-01  -1.7708615965427638e-01
-5.4330874026699161e-01   1.0360998009600262e+00  -3.5962511099369576e-01  -1.7492780524333476e-01
-5.4330874026699161e-01   1.0360998009600262e+00  -3.5962511099369576e-01  -1.7492780524333476e-01
-5.4688716404574378e-01   1.0429619724377612e+00  -3.5617887105217527e-01  -1.7312070340256014e-01
-5.5482505151475237e-01   1.0581780377999586e+00  -3.4857467223259420e-01  -1.6913351848971975e-01
-5.6595581929576644e-01   1.0795003036094557e+00  -3.3801065627652338e-01  -1.6359482857988589e-01
-5.7854418800826990e-01   1.1036185456632392e+00  -3.2620102216206409e-01  -1.5740361099280464e-01
-5.9041338049432346e-01   1.1264415870717024e+00  -3.1518058042591940e-01  -1.5162682914772846e-01
-5.9931916374060101e-01   1.1437060174316800e+00  -3.0696482248657819e-01  -1.4732108355365245e-01
-6.0345592210960974e-01   1.1517914858867817e+00  -3.0315983313295164e-01  -1.4532737044924951e-01
-6.0345592210960974e-01   1.1517914858867817e+00  -3.0315983313295164e-01  -1.4532737044924951e-01
-6.0692195640972835e-01   1.1586072825001621e+00  -2.9997644294760212e-01  -1.4365964244351423e-01
-6.1457882979993272e-01   1.1738228068798329e+00  -2.9295981162823781e-01  -1.3998494728886626e-01
-6.2526179750678657e-01   1.1954728093048039e+00  -2.8322742564056547e-01  -1.3489184249599853e-01
-6.3738811302346021e-01   1.2206191296536275e+00  -2.7236378834105957e-01  -1.2921426695306615e-01
-6.4912881932627797e-01   1.2452377603898688e+00  -2.6223515062862146e-01  -1.2392977488659331e-01
-6.5837392365488756e-01   1.2644303031265576e+00  -2.5468559597393126e-01  -1.1999662746790322e-01
-6.6285968549124752e-01   1.2735739488712887e+00  -2.5118862818271676e-01  -1.1817619107611947e-01
-6.6285968549124752e-01   1.2735739488712887e+00  -2.5118862818271676e-01  -1.1817619107611947e-01
-6.6673401112655539e-01   1.2813473152023918e+00  -2.4826242729531420e-01  -1.1665339288896993e-01
-6.7573276754544964e-01   1.2988626254564395e+00  -2.4181042255646010e-01  -1.1329662695186030e-01
-6.8948062850671532e-01   1.3239234307448127e+00  -2.3285496826217661e-01  -1.0863582454425250e-01
-7.0693797331878583e-01   1.3526163668501694e+00  -2.2285078283228868e-01  -1.0341775645318592e-01
-7.2549234012776176e-01   1.3795351425357061e+00  -2.1352138320579025e-01  -9.8527865917420271e-02
-7.4079905871465801e-01   1.3993289150869859e+00  -2.0657225696270956e-01  -9.4861737471016075e-02
-7.4830160459195560e-01   1.4083311404116257e+00  -2.0335654400664202e-01  -9.3156282583569366e-02
-7.4830160459195560e-01   1.4083311404116252e+00  -2.0335654400664208e-01  -9.3156282583569450e-02
-7.5476882946378809e-01   1.4157546873316942e+00  -2.0066788375303427e-01  -9.1725328247924287e-02
-7.6958657573157907e-01   1.4316892416349702e+00  -1.9474883570327281e-01  -8.8557017571215632e-02
-7.9120299718585119e-01   1.4525749450950272e+00  -1.8656137029083711e-01  -8.4127447318815898e-02
-8.1623964785893710e-01   1.4738352505202847e+00  -1.7746756561240878e-01  -7.9133442292269429e-02
-8.3970906788929234e-01   1.4914328800933465e+00  -1.6904984619589555e-01  -7.4433163072367747e-02
-8.5678681367259590e-01   1.5030900315804749e+00  -1.6282484951948636e-01  -7.0906598746523899e-02
-8.6446326522079786e-01   1.5080719784609879e+00  -1.5995805929199969e-01  -6.9267875395415304e-02
-8.6446326522079886e-01   1.5080719784609906e+00  -1.5995805929199985e-01  -6.9267875395415360e-02
-8.7073559301618253e-01   1.5120436021799919e+00  -1.5756799839021043e-01  -6.7894669518415940e-02
-8.8396832656014535e-01   1.5201944841395585e+00  -1.5232848361254467e-01  -6.4862563872408213e-02
-9.0062184062795603e-01   1.5302505887919100e+00  -1.4513066405790001e-01  -6.0651167861787703e-02
-9.1622678663408741e-01   1.5400597620823537e+00  -1.3720023518629390e-01  -5.5957262718969746e-02
-9.2729697371953401e-01   1.5482332091162381e+00  -1.2991334864173118e-01  -5.1606216190518764e-02
-9.3302293245933943e-01   1.5539467164786149e+00  -1.2455314510672923e-01  -4.8391191535726762e-02
-9.3487767909497810e-01   1.5565324359984030e+00  -1.2209159207210224e-01  -4.6912916566629256e-02
-9.3487767909497810e-01   1.5565324359984030e+00  -1.2209159207210224e-01  -4.6912916566629256e-02
-9.3602205227302893e-01   1.5586812291568470e+00  -1.2004234264533442e-01  -4.5682160676729228e-02
-9.3717900318969605e-01   1.5634106693803111e+00  -1.1555819133359786e-01  -4.2991282062753808e-02
-9.3550687245288289e-01   1.5700656712036569e+00  -1.0941272506941002e-01  -3.9317165877278529e-02
-9.2885170689883767e-01   1.5777751307067793e+00  -1.0265477652876105e-01  -3.5312641545709587e-02
-9.1782301497194430e-01   1.5852924498648060e+00  -9.6451327396801401e-02  -3.1689196456876227e-02
-9.0643440700242373e-01   1.5910719359393881e+00  -9.1889257034260013e-02  -2.9068366415769958e-02
-9.0021547391596279e-01   1.5937799653782241e+00  -8.9794201151902522e-02  -2.7879844814642195e-02
-9.0021547391596279e-01   1.5937799653782241e+00  -8.9794201151902522e-02  -2.7879844814642195e-02
-8.9454468115861685e-01   1.5960510982769291e+00  -8.8049987178129577e-02  -2.6898419009362570e-02
-8.8051716400443258e-01   1.6010364551184295e+00  -8.4233041050986321e-02  -2.4778745467744862e-02
-8.5751063611448464e-01   1.6077473256874510e+00  -7.9001778782884377e-02  -2.1944036451787927e-02
-8.2684802717309847e-01   1.6145744145522922e+00  -7.3251001753992989e-02  -1.8936372608087979e-02
-7.9344819532535904e-01   1.6197910432131333e+00  -6.7977745538367482e-02  -1.6293396515287453e-02
-7.6551706085732463e-01   1.6225909909691341e+00  -6.4106511139522745e-02  -1.4431574280395884e-02
-7.5170351512606204e-01   1.6234828113738038e+00  -6.2331516788789967e-02  -1.3601891189218463e-02
-7.5170351512606204e-01   1.6234828113738038e+00  -6.2331516788789967e-02  -1.3601891189218463e-02
-7.3972112936445844e-01   1.6240004629486666e+00  -6.0855438213257208e-02  -1.2923966787880117e-02
-7.1195051336193016e-01   1.6243063163294713e+00  -5.7631615927058517e-02  -1.1482958848026697e-02
-6.7038336275235277e-01   1.6224821120223882e+00  -5.3231090586311293e-02  -9.6087333155509668e-03
-6.1995117025061597e-01   1.6166521960009512e+00  -4.8424963293047768e-02  -7.6933398042410839e-03
-5.6934370604156370e-01   1.6068106858717524e+00  -4.4055602960645868e-02  -6.0806970718514609e-03
-5.2957231530598414e-01   1.5962192220703877e+00  -4.0876392847104537e-02  -4.9897585425573657e-03
-5.1061133107278556e-01   1.5902628473348868e+00  -3.9428001260010115e-02  -4.5169342118041231e-03
-5.1061133107278556e-01   1.5902628473348868e+00  -3.9428001260010115e-02  -4.5169342118041231e-03
-4.9450331952370508e-01   1.5847325451078356e+00  -3.8228395482589134e-02  -4.1371638243954921e-03
-4.5827572509101805e-01   1.5706764043720205e+00  -3.5625044383511460e-02  -3.3510006660035225e-03
-4.0661361007380753e-01   1.5465817246908582e+00  -3.2112482940180175e-02  -2.3762949573950865e-03
-3.4752915980340499e-01   1.5127237478266038e+00  -2.8338395471160804e-02  -1.4458883244476385e-03
-2.9174993824498052e-01   1.4738777419352416e+00  -2.4972618895555205e-02  -7.2550704591176150e-04
-2.5018234382751303e-01   1.4399939075370791e+00  -2.2568235475535853e-02  -2.7839684564971408e-04
-2.3103628399216475e-01   1.4228008514201445e+00  -2.1486550305949152e-02  -9.6581184171241858e-05
-2.3103628399216475e-01   1.4228008514201445e+00  -2.1486550305949152e-02  -9.6581184171241858e-05
-2.1510412285110081e-01   1.4076639766177750e+00  -2.0597582210649099e-02   4.3532512316044028e-05
-1.8037460129175353e-01   1.3718158700522882e+00  -1.8691228655243964e-02   3.1469688511605559e-04
-1.3346492281034303e-01   1.3162473093215996e+00  -1.6173032262313126e-02   6.0842175561379825e-04
-8.3612365428434463e-02   1.2458932152592239e+00  -1.3545113866219505e-02   8.3056576446986752e-04
-4.0406293439317890e-02   1.1721490545537470e+00  -1.1279517400861578e-02   9.4625932452225951e-04
-1.0808152623151306e-02   1.1119843444049813e+00  -9.7126596753852670e-03   9.8114764095672642e-04
 2.0243550542011976e-03   1.0826043682879125e+00  -9.0233726489291032e-03   9.8388019451648226e-04
 2.0243550542000887e-03   1.0826043682879138e+00  -9.0233726489291517e-03   9.8388019451647944e-04
 1.2295141492089882e-02   1.0572846105854201e+00  -8.4647058806091614e-03   9.8012562857530887e-04
 3.3316183496891902e-02   9.9909765334946632e-01  -7.2922171060702291e-03   9.5393499494263103e-04
 5.8392310910065276e-02   9.1299725600679238e-01  -5.8029691624372770e-03   8.8196388913291783e-04
 8.0010225279645644e-02   8.0960340140054043e-01  -4.3339269154361671e-03   7.6308985334371947e-04
 9.3284956368930888e-02   7.0649993440856984e-01  -3.1528152328607934e-03   6.2732920601904214e-04
 9.8382627756027408e-02   6.2562675443298954e-01  -2.3930885350243801e-03   5.1768121028970035e-04
 9.9254733123087857e-02   5.8705155630420947e-01  -2.0764694101724061e-03   4.6604483704993890e-04
 9.9254733123087913e-02   5.8705155630421413e-01  -2.0764694101724390e-03   4.6604483704994480e-04
 9.9228301168330743e-02   5.5424842645186789e-01  -1.8287834210930589e-03   4.2294879370897943e-04
 9.6643944350705127e-02   4.8029217611972375e-01  -1.3383725717254370e-03   3.2986401978946122e-04
 8.7007025351478112e-02   3.7413106832932380e-01  -7.8493943268616361e-04   2.1024706756191596e-04
 6.7393113005912567e-02   2.5112565899737566e-01  -3.4129021463742882e-04   9.9711001912461368e-05
 4.0144063186239413e-02   1.3266985813171975e-01  -9.2366708517230294e-05   2.9118157666995150e-05
 1.3917297189920106e-02   4.2346597525083123e-02  -9.2110549695943709e-06   3.0647158597184619e-06
-3.6550623638831325e-15   1.6115581091824538e-15   0.0000000000000000e+00   0.0000000000000000e+00
