30  40  ! nelx, nely
 1.0000000000000000e+00   1.0000000000000000e-02   5.8823529411764709e-06   5.8823529411764709e-08  ! rhol, rhog, mul, mug
 5.8823529411764709e-06   5.8823529411764709e-08  ! sigmal, sigmag
 1.4906755084711533e-04   2.8719723183391007e-03   8.4033613445378154e-05   0.0000000000000000e+00   5.0000000000000000e+00  ! f, g, st, Bx, Bz
 1.1299999999999999e+00  ! alpha
 2.3417088139119426e-04  -1.7518485662065217e-01  ! gamma
-8.0405266042211543e-01  -5.9455808737928906e-01  ! a
-1.3659345760384115e-02   0.0000000000000000e+00  ! U1 = A*(cosh(k1*y)-1) + B*sinh(k1*y) + 1
-1.3659345760384115e-02   0.0000000000000000e+00  ! U2 = A*(cosh(k2*y)-1) + B*sinh(k2*y) + 1
-9.2099217141594558e-11  -6.8121952523369991e-11   0.0000000000000000e+00   0.0000000000000000e+00
 5.3753582742388728e-01  -2.8516227923764893e-02  -1.4089271362907542e-05  -2.0990640571324321e-04
 1.5775931414379198e+00   5.4376202950518863e-02  -1.7162946960181327e-05  -2.0176291128686363e-03
 2.7129880464318088e+00   3.9416639151790200e-01   4.5970716231890849e-04  -7.0146845821179339e-03
 3.6202980969521028e+00   9.3386817082392004e-01   2.1082263958822462e-03  -1.5058531297863737e-02
 4.1962727318434769e+00   1.4880192115671484e+00   4.8900144945322223e-03  -2.4092692926742525e-02
 4.4959007597919056e+00   1.8971912499474775e+00   7.7432628275269765e-03  -3.1429118627346930e-02
 4.6047342229997437e+00   2.0808493775393995e+00   9.2785848519635842e-03  -3.4942057491757141e-02
 4.6047342229997437e+00   2.0808493775393995e+00   9.2785848519635842e-03  -3.4942057491757141e-02
 4.7249954059220958e+00   2.3172586338859800e+00   1.1518706617013147e-02  -3.9694801150484134e-02
 4.9115675440752184e+00   2.8026512246262594e+00   1.7219430652055809e-02  -5.0425593494218032e-02
 5.0463452041188743e+00   3.3820729464259616e+00   2.6634699836092301e-02  -6.5570636423993106e-02
 5.1030342335495407e+00   3.8950229653996344e+00   3.8763586681152810e-02  -8.2454937083188240e-02
 5.1183617919822968e+00   4.2531378610663033e+00   5.1159679194312725e-02  -9.7977010287150126e-02
 5.1232898499473434e+00   4.4516499128295504e+00   6.0846981717339869e-02  -1.0936346577708679e-01
 5.1256505802314329e+00   4.5254608108653187e+00   6.5418944219994335e-02  -1.1458211081417177e-01
 5.1256505802314329e+00   4.5254608108653187e+00   6.5418944219994335e-02  -1.1458211081417177e-01
 5.1295698328928729e+00   4.6070952792574928e+00   7.1556926090279929e-02  -1.2147229455571923e-01
 5.1423642391040678e+00   4.7263908474894407e+00   8.5268068955145437e-02  -1.3653953062480281e-01
 5.1662495818530676e+00   4.7713796850017145e+00   1.0433625383990239e-01  -1.5718863782919604e-01
 5.1858969667793504e+00   4.6903927567310761e+00   1.2512796568176540e-01  -1.7989526514377557e-01
 5.1795390910020664e+00   4.5268341954678997e+00   1.4361520526375909e-01  -2.0066972135018715e-01
 5.1518578180310319e+00   4.3703781978780318e+00   1.5667300178500046e-01  -2.1583096880696667e-01
 5.1316499729135350e+00   4.2920097498109691e+00   1.6249347530159872e-01  -2.2274082720448654e-01
 5.1316499729135350e+00   4.2920097498109691e+00   1.6249347530159872e-01  -2.2274082720448654e-01
 5.0974846823881705e+00   4.1845880336422079e+00   1.7000897335937115e-01  -2.3181077677287878e-01
 4.9940785721351864e+00   3.9442007990477332e+00   1.8574415986452908e-01  -2.5135718637191079e-01
 4.7991405856209424e+00   3.6309479567608189e+00   2.0575248749579633e-01  -2.7726592954255708e-01
 4.5433698119034993e+00   3.3388689213255094e+00   2.2588899097204124e-01  -3.0431033921376133e-01
 4.3014437296639585e+00   3.1269070617910906e+00   2.4295731794432204e-01  -3.2768690467848166e-01
 4.1320096154851607e+00   3.0005860166125418e+00   2.5481135977524944e-01  -3.4400816276234869e-01
 4.0581468334413078e+00   2.9492076444465840e+00   2.6008565044202336e-01  -3.5126880124488430e-01
 4.0581468334413078e+00   2.9492076444465840e+00   2.6008565044202336e-01  -3.5126880124488430e-01
 3.9647784157667521e+00   2.8863600421618365e+00   2.6691119487563503e-01  -3.6065322028706687e-01
 3.7772988229040307e+00   2.7634434271992361e+00   2.8133476724841816e-01  -3.8041830894314105e-01
 3.5529550778068524e+00   2.6138774766678812e+00   3.0008118441915166e-01  -4.0596584900074245e-01
 3.3369856096067889e+00   2.4619721469234519e+00   3.1945435972213587e-01  -4.3225542353071378e-01
 3.1572087628994177e+00   2.3309736620273678e+00   3.3616664015251180e-01  -4.5489760621159836e-01
 3.0334639657124476e+00   2.2399115054840952e+00   3.4783958089004574e-01  -4.7070693037233952e-01
 2.9787654967012918e+00   2.1996150026086716e+00   3.5303283773495320e-01  -4.7773989853570409e-01
 2.9787654967012918e+00   2.1996150026086716e+00   3.5303283773495320e-01  -4.7773989853570409e-01
 2.9083898560661918e+00   2.1477798921091020e+00   3.5974300888788202e-01  -4.8682668438822474e-01
 2.7614869148311239e+00   2.0396470155375881e+00   3.7385181008233309e-01  -5.0593037947188702e-01
 2.5746450976717279e+00   1.9021138420015429e+00   3.9198384468071074e-01  -5.3047634572718905e-01
 2.3862114093814371e+00   1.7632526536073005e+00   4.1043946624827438e-01  -5.5545470705478073e-01
 2.2269642531121026e+00   1.6457871526454630e+00   4.2612180053444809e-01  -5.7667623147270364e-01
 2.1173478918667192e+00   1.5648906602777155e+00   4.3694018472011320e-01  -5.9131437301356538e-01
 2.0689800806964769e+00   1.5291871764750546e+00   4.4171593436605366e-01  -5.9777602306471211e-01
 2.0689800806964769e+00   1.5291871764750546e+00   4.4171593436605366e-01  -5.9777602306471211e-01
 2.0068372518025277e+00   1.4833089099269579e+00   4.4785122195430666e-01  -6.0607688017110051e-01
 1.8774348769152625e+00   1.3877539453089824e+00   4.6061438816829403e-01  -6.2334418495637189e-01
 1.7135399659983521e+00   1.2666948404720326e+00   4.7672311595907757e-01  -6.4513623689175159e-01
 1.5493670380461517e+00   1.1454008598489294e+00   4.9274486980475940e-01  -6.6680924777651740e-01
 1.4118622056778696e+00   1.0437920303452572e+00   5.0603039775273306e-01  -6.8477999852295179e-01
 1.3180334465768733e+00   9.7444998543450723e-01   5.1500255850954724e-01  -6.9691583161406623e-01
 1.2768730915513171e+00   9.4402967297700113e-01   5.1890977869923438e-01  -7.0220067791108765e-01
 1.2768730915513171e+00   9.4402967297700113e-01   5.1890977869923438e-01  -7.0220067791108765e-01
 1.2242250228614744e+00   9.0511780521293750e-01   5.2387880527275299e-01  -7.0892162418421567e-01
 1.1155130377521347e+00   8.2476510299197647e-01   5.3402357753207474e-01  -7.2264283786318406e-01
 9.7982234865287543e-01   7.2446445595584730e-01   5.4642331791724108e-01  -7.3941348835705367e-01
 8.4647413938173954e-01   6.2588898307498841e-01   5.5825139194208429e-01  -7.5541044722866113e-01
 7.3705570584413149e-01   5.4499928810698717e-01   5.6762239921807778e-01  -7.6808395312688726e-01
 6.6372226538294921e-01   4.9078442235469766e-01   5.7369631669213872e-01  -7.7629822305483942e-01
 6.3192112173302972e-01   4.6727368957851012e-01   5.7627076767294660e-01  -7.7977981788552342e-01
 6.3192112173302972e-01   4.6727368957851012e-01   5.7627076767294660e-01  -7.7977981788552342e-01
 5.9159054704289615e-01   4.3745679563322271e-01   5.7947834425600875e-01  -7.8411758146039767e-01
 5.0962054811585789e-01   3.7685434689083025e-01   5.8577562360371471e-01  -7.9263352825970190e-01
 4.1002478288951705e-01   3.0321906002586962e-01   5.9294838161703534e-01  -8.0233305063326410e-01
 3.1548355985791970e-01   2.3331926121379606e-01   5.9913791368864011e-01  -8.1070253975011708e-01
 2.4074204614962913e-01   1.7805753597726101e-01   6.0347383238613139e-01  -8.1656516006901203e-01
 1.9227213395101378e-01   1.4221981511002324e-01   6.0594888121840440e-01  -8.1991141696261483e-01
 1.7169767330810828e-01   1.2700734324122478e-01   6.0690318958820355e-01  -8.2120155186347066e-01
 1.7169767330810828e-01   1.2700734324122478e-01   6.0690318958820355e-01  -8.2120155186347066e-01
 1.4601929972009686e-01   1.0802101292621327e-01   6.0800200650309943e-01  -8.2268695822373383e-01
 9.5375526995846976e-02   7.0575191473687765e-02   6.0981763332310601e-01  -8.2514099357104220e-01
 3.7008261079722493e-02   2.7418043456368203e-02   6.1116467899069804e-01  -8.2696075048544915e-01
-1.4547332327062061e-02  -1.0703185606573332e-02   6.1139757391656424e-01  -8.2727351190488774e-01
-5.2035430550844766e-02  -3.8423196360579080e-02   6.1069769803095642e-01  -8.2632498577571578e-01
-7.4455606303144392e-02  -5.5001801245676982e-02   6.0973821975470677e-01  -8.2502592514277773e-01
-8.3446398989144230e-02  -6.1650147660756341e-02   6.0919193251771109e-01  -8.2428646220670143e-01
-8.3446398989144230e-02  -6.1650147660756341e-02   6.0919193251771109e-01  -8.2428646220670143e-01
-9.1689851266823816e-02  -6.7745931481971985e-02   6.0858603410843282e-01  -8.2346638541420414e-01
-1.0726849834606003e-01  -7.9266103520940615e-02   6.0708003704396341e-01  -8.2142825169643163e-01
-1.2370800680083481e-01  -9.1423399723384244e-02   6.0468973841549223e-01  -8.1819371337440616e-01
-1.3615301732019339e-01  -1.0062747579419952e-01   6.0174673123619682e-01  -8.1421158257149484e-01
-1.4318401771900383e-01  -1.0582833536272399e-01   5.9885990325626071e-01  -8.1030567527505382e-01
-1.4605665362251824e-01  -1.0795397670390604e-01   5.9667351399748292e-01  -8.0734756120817830e-01
-1.4679406192550387e-01  -1.0849996806293336e-01   5.9566046883653734e-01  -8.0597696488719828e-01
-1.4679406192550387e-01  -1.0849996806293336e-01   5.9566046883653734e-01  -8.0597696488719828e-01
-1.4712668776167670e-01  -1.0874648610738261e-01   5.9488998211607469e-01  -8.0493454499023032e-01
-1.4721323608504583e-01  -1.0881174800182793e-01   5.9320466994091914e-01  -8.0265444476063730e-01
-1.4602229111084580e-01  -1.0793292240859677e-01   5.9091117552226835e-01  -7.9955155935865774e-01
-1.4316526483235800e-01  -1.0582239633568545e-01   5.8843505635438431e-01  -7.9620164195475363e-01
-1.3929796280772774e-01  -1.0296473048384298e-01   5.8622610502492012e-01  -7.9321320386177585e-01
-1.3578502278872237e-01  -1.0036860847871745e-01   5.8465122750613907e-01  -7.9108260407005959e-01
-1.3399917673585215e-01  -9.9048774363133502e-02   5.8394400299700799e-01  -7.9012582692305777e-01
-1.3399917673585215e-01  -9.9048774363133502e-02   5.8394400299700799e-01  -7.9012582692305777e-01
-1.3257557521009383e-01  -9.7996635128319229e-02   5.8341441761893753e-01  -7.8940937232660990e-01
-1.2926650745224308e-01  -9.5550944871816701e-02   5.8227850457324182e-01  -7.8787264516192046e-01
-1.2433046475055230e-01  -9.1902657114062244e-02   5.8077602728039790e-01  -7.8584001598169817e-01
-1.1842137926843016e-01  -8.7535047958575918e-02   5.7920159445696351e-01  -7.8371004872434080e-01
-1.1260463577263298e-01  -8.3235590555997760e-02   5.7783287682762197e-01  -7.8185838757300308e-01
-1.0811373592061617e-01  -7.9916081165907954e-02   5.7687538385390646e-01  -7.8056305127467951e-01
-1.0599597296316539e-01  -7.8350695115755792e-02   5.7645002464467365e-01  -7.7998760810268442e-01
-1.0599597296316539e-01  -7.8350695115755792e-02   5.7645002464467365e-01  -7.7998760810268442e-01
-1.0436663755031209e-01  -7.7146334813772477e-02   5.7613330809883989e-01  -7.7955914127519010e-01
-1.0073895304018657e-01  -7.4464835221453696e-02   5.7545903566871925e-01  -7.7864695886671731e-01
-9.5637909159633105e-02  -7.0694233491431488e-02   5.7457742948197854e-01  -7.7745428759839441e-01
-8.9873254197491731e-02  -6.6433067109215815e-02   5.7366574836503903e-01  -7.7622092985865987e-01
-8.4455580706525424e-02  -6.2428357133742257e-02   5.7288312990337109e-01  -7.7516217266286580e-01
-8.0403539614269173e-02  -5.9433098487049724e-02   5.7234116978407423e-01  -7.7442898704270957e-01
-7.8525238472132594e-02  -5.8044659144983378e-02   5.7210189141883316e-01  -7.7410528135716383e-01
-7.8525238472132594e-02  -5.8044659144983378e-02   5.7210189141883316e-01  -7.7410528135716383e-01
-7.7092732213869100e-02  -5.6985749500816509e-02   5.7192433116116426e-01  -7.7386507037961427e-01
-7.3938943592836148e-02  -5.4654462126895662e-02   5.7154806398122893e-01  -7.7335603997398394e-01
-6.9577395824039961e-02  -5.1430387075277480e-02   5.7105981403631079e-01  -7.7269551357522193e-01
-6.4735179060376680e-02  -4.7850988119741124e-02   5.7055961725482962e-01  -7.7201882355199281e-01
-6.0254548569653781e-02  -4.4538866279082205e-02   5.7013439859126758e-01  -7.7144356597077557e-01
-5.6941276850381396e-02  -4.2089660938451935e-02   5.6984243020192005e-01  -7.7104857511625102e-01
-5.5415264744845920e-02  -4.0961615433079669e-02   5.6971423280568412e-01  -7.7087514230834819e-01
-5.5415264744845920e-02  -4.0961615433079669e-02   5.6971423280568412e-01  -7.7087514230834819e-01
-5.4255337873768628e-02  -4.0104183848049951e-02   5.6961940032075353e-01  -7.7074684732020571e-01
-5.1712863531587286e-02  -3.8224754911533029e-02   5.6941933205589412e-01  -7.7047618267991114e-01
-4.8220150244470128e-02  -3.5642893767205551e-02   5.6916168984196247e-01  -7.7012762735005291e-01
-4.4371034295640724e-02  -3.2797570659776579e-02   5.6890037889835932e-01  -7.6977410710907535e-01
-4.0833057361594267e-02  -3.0182242633774791e-02   5.6868071231434880e-01  -7.6947692471688900e-01
-3.8229988042525337e-02  -2.8258011143634798e-02   5.6853144389255050e-01  -7.6927498144740236e-01
-3.7034547600308047e-02  -2.7374321192144599e-02   5.6846636401920159e-01  -7.6918693540953831e-01
-3.7034547600308047e-02  -2.7374321192144599e-02   5.6846636401920159e-01  -7.6918693540953831e-01
-3.6127279973891722e-02  -2.6703653307298743e-02   5.6841842081629379e-01  -7.6912207328451521e-01
-3.4142635256029168e-02  -2.5236569635434671e-02   5.6831787967269187e-01  -7.6898605119547725e-01
-3.1424707604883091e-02  -2.3227429466825537e-02   5.6818977566356077e-01  -7.6881273822985408e-01
-2.8439874339687404e-02  -2.1020985516538197e-02   5.6806174270483301e-01  -7.6863951983484924e-01
-2.5705109901861541e-02  -1.8999389330799005e-02   5.6795595755156203e-01  -7.6849639935720804e-01
-2.3697939256460722e-02  -1.7515641530042800e-02   5.6788527507629638e-01  -7.6840076942729407e-01
-2.2777474042251555e-02  -1.6835216655847605e-02   5.6785482108436347e-01  -7.6835956632546010e-01
-2.2777474042251555e-02  -1.6835216655847605e-02   5.6785482108436347e-01  -7.6835956632546010e-01
-2.2079422878547188e-02  -1.6319210769463431e-02   5.6783254516168824e-01  -7.6832942770198975e-01
-2.0553948735184742e-02  -1.5191603682142462e-02   5.6778631925410883e-01  -7.6826688514334907e-01
-1.8467942325938125e-02  -1.3649779113797231e-02   5.6772854374931991e-01  -7.6818871582813419e-01
-1.6180780663940356e-02  -1.1959154074411199e-02   5.6767238711204393e-01  -7.6811273654060641e-01
-1.4088985271276392e-02  -1.0411527469138522e-02   5.6762757331610347e-01  -7.6805210008980218e-01
-1.2557364259946913e-02  -9.2763847725146880e-03   5.6759869141371200e-01  -7.6801301086839746e-01
-1.1856509213404537e-02  -8.7564622138652185e-03   5.6758657548359737e-01  -7.6799660766747913e-01
-1.1856509213404537e-02  -8.7564622138652185e-03   5.6758657548359737e-01  -7.6799660766747913e-01
-1.1325750734802003e-02  -8.3627478799309131e-03   5.6757785855400045e-01  -7.6798480347671072e-01
-1.0167941343063168e-02  -7.5054620722945506e-03   5.6756021771490717e-01  -7.6796090786265181e-01
-8.5852652369326349e-03  -6.3455685982187074e-03   5.6753919414768472e-01  -7.6793243624584462e-01
-6.8289117852121826e-03  -5.0963436454439411e-03   5.6752018489453526e-01  -7.6790680793372812e-01
-5.1608782424395639e-03  -3.9520898421178969e-03   5.6750643984089644e-01  -7.6788858443391295e-01
-3.8804423650041294e-03  -3.0618618149191720e-03   5.6749862721218802e-01  -7.6787852349163344e-01
-3.2806768048460710e-03  -2.6190703081160872e-03   5.6749573204685833e-01  -7.6787487671052612e-01
-3.2806768048460710e-03  -2.6190703081160872e-03   5.6749573204685833e-01  -7.6787487671052612e-01
-2.8251365564782539e-03  -2.2615716284589294e-03   5.6749384726368568e-01  -7.6787252059554301e-01
-1.8527185949694510e-03  -1.3958762631456649e-03   5.6749074765328456e-01  -7.6786858649308987e-01
-7.0786736334050400e-04   1.1989465722833855e-05   5.6748910428688715e-01  -7.6786570411258215e-01
-8.4857553733095012e-05   1.7644420351901867e-03   5.6749132864681928e-01  -7.6786490198893587e-01
-5.7971119589224015e-04   3.0656463650431433e-03   5.6749702700396110e-01  -7.6786437378768302e-01
-1.7464945802618550e-03   3.1872890140413317e-03   5.6750244898459767e-01  -7.6786250540102652e-01
-2.4681387112650555e-03   2.7934926074522082e-03   5.6750477970691704e-01  -7.6786088445145950e-01
-2.4681387239999979e-03   2.7934926091625284e-03   5.6750477970691648e-01  -7.6786088445145884e-01
-1.3511342578497781e-03   2.1103943515159117e-03   5.6750666867745292e-01  -7.6785943181199767e-01
 1.6174576398270382e-04   9.2494946514339396e-04   5.6750915299505156e-01  -7.6785857644906819e-01
 1.1133178936071327e-03   2.3227538059538899e-04   5.6751027797330855e-01  -7.6786018898628106e-01
 1.7740738867066813e-03   5.1661205236749918e-04   5.6751104073219860e-01  -7.6786382726788027e-01
 2.5141163317095026e-03   1.3163415288411976e-03   5.6751308783857757e-01  -7.6786871864417272e-01
 3.1977062746814970e-03   2.0360426756758296e-03   5.6751590452644207e-01  -7.6787351524384118e-01
 3.5456719163869154e-03   2.3776768919829359e-03   5.6751760758311931e-01  -7.6787611624238994e-01
 3.5456719163869154e-03   2.3776768919829359e-03   5.6751760758311931e-01  -7.6787611624238994e-01
 4.0312786996024542e-03   2.8292645275346537e-03   5.6752025910648540e-01  -7.6787997207778813e-01
 5.1631776939980514e-03   3.7939710081867891e-03   5.6752762990922234e-01  -7.6789018003340004e-01
 6.7786858198405301e-03   5.0427150207478597e-03   5.6754106415711292e-01  -7.6790830057504655e-01
 8.5534394285182568e-03   6.3463554595074518e-03   5.6756000267005657e-01  -7.6793378458202333e-01
 1.0157450863510662e-02   7.5161774118089929e-03   5.6758104969055689e-01  -7.6796219429819101e-01
 1.1323850762908193e-02   8.3713026562071014e-03   5.6759871260237538e-01  -7.6798607726356094e-01
 1.1856709703057149e-02   8.7633415074794326e-03   5.6760743739942998e-01  -7.6799788067158992e-01
 1.1856709703057149e-02   8.7633415074794326e-03   5.6760743739942998e-01  -7.6799788067158992e-01
 1.2559054682527892e-02   9.2811028595537939e-03   5.6761956109529821e-01  -7.6801428528224747e-01
 1.4090992245712501e-02   1.0412916740553559e-02   5.6764845140550513e-01  -7.6805338058410033e-01
 1.6181488415065851e-02   1.1959155435314860e-02   5.6769326705778000e-01  -7.6811402247348892e-01
 1.8467955034454309e-02   1.3650029799952442e-02   5.6774942401621753e-01  -7.6819000299039197e-01
 2.0553882407755051e-02   1.5192133080461922e-02   5.6780720116982686e-01  -7.6826817210448051e-01
 2.2079405806914251e-02   1.6319810240341490e-02   5.6785342874824551e-01  -7.6833071453286705e-01
 2.2777482183152578e-02   1.6835837352304032e-02   5.6787570549080524e-01  -7.6836085315082348e-01
 2.2777482183152578e-02   1.6835837352304032e-02   5.6787570549080524e-01  -7.6836085315082348e-01
 2.3697970074102803e-02   1.7516291908402731e-02   5.6790616060903487e-01  -7.6840205628942881e-01
 2.5705147052921058e-02   1.9000113377370592e-02   5.6797684574509999e-01  -7.6849768636275906e-01
 2.8439924248720522e-02   2.1021755220447937e-02   5.6808263488243360e-01  -7.6864080706228699e-01
 3.1424749607856954e-02   2.3228281472634182e-02   5.6821067247133428e-01  -7.6881402572147139e-01
 3.4142693242296678e-02   2.5237516493226551e-02   5.6833878127717463e-01  -7.6898733896108440e-01
 3.6127330742356634e-02   2.6704616563484860e-02   5.6843932611822878e-01  -7.6912336125860481e-01
 3.7034601949693192e-02   2.7375306057948991e-02   5.6848727104559027e-01  -7.6918822347599425e-01
 3.7034601949693192e-02   2.7375306057948991e-02   5.6848727104559027e-01  -7.6918822347599425e-01
 3.8230050524851830e-02   2.8259049443765481e-02   5.6855235328150888e-01  -7.6927626965094520e-01
 4.0833118220436178e-02   3.0183370727869831e-02   5.6870162729037332e-01  -7.6947821324203070e-01
 4.4371107569862608e-02   3.2798766981657713e-02   5.6892130188376788e-01  -7.6977539611091150e-01
 4.8220228869398675e-02   3.5644209151238705e-02   5.6918262253303542e-01  -7.7012891689108753e-01
 5.1712942605138285e-02   3.8226159092399042e-02   5.6944027413809450e-01  -7.7047747279427214e-01
 5.4255426291125231e-02   4.0105677075025777e-02   5.6964034984487910e-01  -7.7074813785535290e-01
 5.5415356595307490e-02   4.0963115811477532e-02   5.6973518583377869e-01  -7.7087643305523834e-01
 5.5415356595307490e-02   4.0963115811477532e-02   5.6973518583377869e-01  -7.7087643305523834e-01
 5.6941368675570467e-02   4.2091184021402252e-02   5.6986338788605206e-01  -7.7104986614705395e-01
 6.0254646831737993e-02   4.4540529428403683e-02   5.7015536703904357e-01  -7.7144485763986637e-01
 6.4735286612885107e-02   4.7852749038872593e-02   5.7058060127331078e-01  -7.7202011614919086e-01
 6.9577507173934641e-02   5.1432256670163115e-02   5.7108081649329367e-01  -7.7269680726957024e-01
 7.3939062035321648e-02   5.4656473533573426e-02   5.7156908444030519e-01  -7.7335733476033619e-01
 7.7092859991505336e-02   5.6987845118770850e-02   5.7194536538421148e-01  -7.7386636598196468e-01
 7.8525370426372171e-02   5.8046808925280913e-02   5.7212293220114319e-01  -7.7410657736210187e-01
 7.8525370426372171e-02   5.8046808925280913e-02   5.7212293220114319e-01  -7.7410657736210187e-01
 8.0403669471058786e-02   5.9435280606194074e-02   5.7236221939940235e-01  -7.7443028358202792e-01
 8.4455721185914281e-02   6.2430664505947871e-02   5.7290419941546689e-01  -7.7516347039106459e-01
 8.9873401538678982e-02   6.6435516433211203e-02   5.7368684665469183e-01  -7.7622222931550611e-01
 9.5638065212384729e-02   7.0696837177668712e-02   5.7459856130308262e-01  -7.7745558907929779e-01
 1.0073911784789906e-01   7.4467571839085145e-02   5.7548019991387278e-01  -7.7864826230890971e-01
 1.0436681034319713e-01   7.7149168894725992e-02   5.7615449716371203e-01  -7.7956044621679899e-01
 1.0599614776557595e-01   7.8353572014363826e-02   5.7647122533620476e-01  -7.7998891375290180e-01
 1.0599614776557595e-01   7.8353572014363826e-02   5.7647122533620476e-01  -7.7998891375290180e-01
 1.0811391318741811e-01   7.9919024778871306e-02   5.7689660019252242e-01  -7.8056435786992928e-01
 1.1260482107990852e-01   8.3238652153298412e-02   5.7785412836436001e-01  -7.8185969630473817e-01
 1.1842157423247228e-01   8.7538269100783939e-02   5.7922289632414392e-01  -7.8371136050820267e-01
 1.2433066947678911e-01   9.1906039600226419e-02   5.8079738704556572e-01  -7.8584133127962474e-01
 1.2926672032168990e-01   9.5554461101591256e-02   5.8229991958360350e-01  -7.8787396381835229e-01
 1.3257579446765852e-01   9.8000239251312724e-02   5.8343587438813282e-01  -7.8941069352123594e-01
 1.3399939748966760e-01   9.9052418175429618e-02   5.8396547925081976e-01  -7.9012714929970995e-01
 1.3399939748966760e-01   9.9052418175429618e-02   5.8396547925081976e-01  -7.9012714929970995e-01
 1.3578524766800820e-01   1.0037229672571729e-01   5.8467272975645501e-01  -7.9108392802680461e-01
 1.3929819346190597e-01   1.0296851416061006e-01   5.8624766518424065e-01  -7.9321453133863284e-01
 1.4316550194563107e-01   1.0582628836369617e-01   5.8845669773050768e-01  -7.9620297437684573e-01
 1.4602253244382837e-01   1.0793689095583195e-01   5.9093290795031228e-01  -7.9955289732242518e-01
 1.4721348029541198e-01   1.0881574646997264e-01   5.9322648668320033e-01  -8.0265578786484026e-01
 1.4712693135875635e-01   1.0875048282280884e-01   5.9491186081878500e-01  -8.0493589187390169e-01
 1.4679430559048576e-01   1.0850395741693776e-01   5.9568237585804207e-01  -8.0597831350008964e-01
 1.4679430559048576e-01   1.0850395741693776e-01   5.9568237585804207e-01  -8.0597831350008964e-01
 1.4605689557161508e-01   1.0795794451274998e-01   5.9669545826980064e-01  -8.0734891209190107e-01
 1.4318425521790212e-01   1.0583222450144059e-01   5.9888192790271932e-01  -8.1030703106401658e-01
 1.3615324241329044e-01   1.0063117667519589e-01   6.0176886202325985e-01  -8.1421294483193785e-01
 1.2370821183213582e-01   9.1426761933021558e-02   6.0471197740324145e-01  -8.1819508222784976e-01
 1.0726867531990020e-01   7.9269016972146639e-02   6.0710236392286421e-01  -8.2142962589732260e-01
 9.1690002708861018e-02   6.7748421496415009e-02   6.0860841636129881e-01  -8.2346776297766444e-01
 8.3446536173065911e-02   6.1652415858530187e-02   6.0921433705522343e-01  -8.2428784112405085e-01
 8.3446536173065911e-02   6.1652415858530187e-02   6.0921433705522343e-01  -8.2428784112405085e-01
 7.4455728984401115e-02   5.5003823189447111e-02   6.0976064437789290e-01  -8.2502730527504098e-01
 5.2035515928820414e-02   3.8424610085750238e-02   6.1072015794380885e-01  -8.2632636803980120e-01
 1.4547354281643837e-02   1.0703579313970370e-02   6.1142005959304069e-01  -8.2727489569606394e-01
-3.7008324746448648e-02  -2.7419049562626002e-02   6.1118715613060681e-01  -8.2696213370036853e-01
-9.5375687344034801e-02  -7.0577786011261717e-02   6.0984006095736187e-01  -8.2514237369954535e-01
-1.4601954452129845e-01  -1.0802498286014775e-01   6.0802436739972343e-01  -8.2268833422640841e-01
-1.7169796176553170e-01  -1.2701201300222326e-01   6.0692551009845142e-01  -8.2120292537084771e-01
-1.7169796176553170e-01  -1.2701201300222326e-01   6.0692551009845142e-01  -8.2120292537084771e-01
-1.9227245568317355e-01  -1.4222504282672438e-01   6.0597116664229600e-01  -8.1991278830790837e-01
-2.4074244885129589e-01  -1.7806408203247501e-01   6.0349602682327796e-01  -8.1656652580673494e-01
-3.1548408713139214e-01  -2.3332783754468703e-01   5.9915994872828049e-01  -8.1070389567851242e-01
-4.1002546878281426e-01  -3.0323020819007346e-01   5.9297018911198762e-01  -8.0233439256824979e-01
-5.0962139914025006e-01  -3.7686820261339282e-01   5.8579716739589416e-01  -7.9263485398637556e-01
-5.9159153512459828e-01  -4.3747287992919365e-01   5.7949965653327862e-01  -7.8411889296040649e-01
-6.3192217706904086e-01  -4.6729086737210079e-01   5.7629196202675470e-01  -7.7978112214415918e-01
-6.3192217706904086e-01  -4.6729086737210079e-01   5.7629196202675470e-01  -7.7978112214415918e-01
-6.6372337482971422e-01  -4.9080246718984044e-01   5.7371741639824159e-01  -7.7629952149517722e-01
-7.3705693680536633e-01  -5.4501932391854868e-01   5.6764327561415617e-01  -7.6808523785261906e-01
-8.4647555316485168e-01  -6.2591199314598811e-01   5.5827192380891977e-01  -7.5541171079262470e-01
-9.7982398575384089e-01  -7.2449109204115381e-01   5.4644341491452308e-01  -7.3941472521026608e-01
-1.1155149014780856e+00  -8.2479542809492612e-01   5.3404321863221926e-01  -7.2264404671648830e-01
-1.2242270668275703e+00  -9.0515108286743751e-01   5.2389807337614003e-01  -7.0892281013482772e-01
-1.2768752241640307e+00  -9.4406438484139921e-01   5.1892886409987415e-01  -7.0220185263527701e-01
-1.2768752241640307e+00  -9.4406438484139921e-01   5.1892886409987415e-01  -7.0220185263527701e-01
-1.3180356454816404e+00  -9.7448581379455468e-01   5.1502150024506343e-01  -6.9691699751686420e-01
-1.4118645645805949e+00  -1.0438304105788048e+00   5.0604900960437160e-01  -6.8478114416580860e-01
-1.5493696265057366e+00  -1.1454429756749509e+00   4.9276299316132921e-01  -6.6681036341980171e-01
-1.7135428290180246e+00  -1.2667414174083520e+00   4.7674065019150841e-01  -6.4513731634395621e-01
-1.8774380132877178e+00  -1.3878049751084975e+00   4.6063133005252277e-01  -6.2334522800581826e-01
-2.0068406045539673e+00  -1.4833634574611059e+00   4.4786769448975461e-01  -6.0607789435414494e-01
-2.0689835387198365e+00  -1.5292434107365191e+00   4.4173218128314506e-01  -5.9777702337992455e-01
-2.0689835387198365e+00  -1.5292434107365191e+00   4.4173218128314506e-01  -5.9777702337992455e-01
-2.1173514350835845e+00  -1.5649482098550127e+00   4.3695625601076515e-01  -5.9131536252201033e-01
-2.2269679768472219e+00  -1.6458476803001241e+00   4.2613747395978557e-01  -5.7667719648820615e-01
-2.3862154072593347e+00  -1.7633175062636779e+00   4.1045456290300292e-01  -5.5545563655009267e-01
-2.5746494165666909e+00  -1.9021838101136901e+00   3.9199826249214792e-01  -5.3047723337396402e-01
-2.7614915528016546e+00  -2.0397220564595857e+00   3.7386556086136474e-01  -5.0593122592226336e-01
-2.9083947472313034e+00  -2.1478589169271651e+00   3.5975624057126465e-01  -4.8682749872430453e-01
-2.9787705074992306e+00  -2.1996959400544815e+00   3.5304582251798272e-01  -4.7774069758887572e-01
-2.9787705074992306e+00  -2.1996959400544815e+00   3.5304582251798272e-01  -4.7774069758887572e-01
-3.0334690713707237e+00  -2.2399939286925945e+00   3.4785237457711532e-01  -4.7070771759173202e-01
-3.1572140818763317e+00  -2.3310594403552352e+00   3.3617900429597675e-01  -4.5489836680763035e-01
-3.3369912607654695e+00  -2.4620627877891574e+00   3.1946610875302450e-01  -4.3225614591258849e-01
-3.5529612167180673e+00  -2.6139738779176604e+00   3.0009221968851157e-01  -4.0596652648499654e-01
-3.7773056116339121e+00  -2.7635456985879103e+00   2.8134511002874385e-01  -3.8041894145819016e-01
-3.9647857791277228e+00  -2.8864671886420119e+00   2.6692100302151794e-01  -3.6065381667208246e-01
-4.0581544561415841e+00  -2.9493172411658075e+00   2.6009520506819395e-01  -3.5126938009536962e-01
-4.0581544561415841e+00  -2.9493172411658075e+00   2.6009520506819395e-01  -3.5126938009536962e-01
-4.1320174158483578e+00  -3.0006975767600208e+00   2.5482071834782771e-01  -3.4400872793606591e-01
-4.3014517969602144e+00  -3.1270232459656624e+00   2.4296623582554683e-01  -3.2768743906838738e-01
-4.5433777233494999e+00  -3.3389921470794022e+00   2.2589727639010720e-01  -3.0431083102302997e-01
-4.7991471953529565e+00  -3.6310795860877407e+00   2.0576003571952312e-01  -2.7726637866039910e-01
-4.9940826656196595e+00  -3.9443401060372634e+00   1.8575099176137755e-01  -2.5135760662620554e-01
-5.0974861954792079e+00  -4.1847324583419558e+00   1.7001525582800880e-01  -2.3181118600974271e-01
-5.1316501646399546e+00  -4.2921562585683235e+00   1.6249949981306763e-01  -2.2274123492113190e-01
-5.1316501646399546e+00  -4.2921562585683235e+00   1.6249949981306763e-01  -2.2274123492113190e-01
-5.1518569795944558e+00  -4.3705261474465837e+00   1.5667882844066233e-01  -2.1583137695655952e-01
-5.1795360181632777e+00  -4.5269848090268692e+00   1.4362059376371963e-01  -2.0067013525979094e-01
-5.1858912401092176e+00  -4.6905457792833349e+00   1.2513274543644762e-01  -1.7989569692448121e-01
-5.1662422212184129e+00  -4.7715335203848639e+00   1.0434035999086581e-01  -1.5718909895435945e-01
-5.1423572973263649e+00  -4.7265436505839329e+00   8.5271560270901728e-02  -1.3654002112475752e-01
-5.1295647124102004e+00  -4.6072461901208390e+00   7.1559971620241455e-02  -1.2147280309214718e-01
-5.1256467741089127e+00  -4.5256105083338820e+00   6.5421787750698721e-02  -1.1458262538308629e-01
-5.1256467741089127e+00  -4.5256105083338820e+00   6.5421787750698721e-02  -1.1458262538308629e-01
-5.1232872488813506e+00  -4.4517985331302148e+00   6.0849673335085626e-02  -1.0936398362388174e-01
-5.1183624513213335e+00  -4.2532836081215928e+00   5.1162043406876349e-02  -9.7977530451863373e-02
-5.1030406823555579e+00  -3.8951634176063683e+00   3.8765515959066521e-02  -8.2455446829169068e-02
-5.0463594587765215e+00  -3.3822052279316868e+00   2.6636175077660033e-02  -6.5571112112335392e-02
-4.9115896243766377e+00  -2.8027730903653687e+00   1.7220519235414476e-02  -5.0426014070326167e-02
-4.7250230057923286e+00  -2.3173705392839827e+00   1.1519534892382440e-02  -3.9695166395880811e-02
-4.6047640972791486e+00  -2.0809559384629668e+00   9.2793018414286284e-03  -3.4942393452669279e-02
-4.6047640972791486e+00  -2.0809559384629668e+00   9.2793018414286284e-03  -3.4942393452669279e-02
-4.4959321840266213e+00  -1.8972934002055097e+00   7.7438992557280189e-03  -3.1429430922320478e-02
-4.1963068048768406e+00  -1.4881105753893635e+00   4.8904876473128472e-03  -2.4092949873874100e-02
-3.6203333642239368e+00  -9.3394206958826820e-01   2.1085087872851158e-03  -1.5058707812752014e-02
-2.7130196066987908e+00  -3.9421746913790234e-01   4.5983136028499971e-04  -7.0147755793288366e-03
-1.5776144295609544e+00  -5.4403445340048623e-02  -1.7129324779771024e-05  -2.0176577950574426e-03
-5.3754387114469415e-01   2.8507606979208705e-02  -1.4085946465227887e-05  -2.0990959635297643e-04
 2.6978419498391304e-14   1.5244749906884181e-14   0.0000000000000000e+00   0.0000000000000000e+00
